20,8,5, 27, 17,21,9,3,11, 27, 2,18,15,23,14, 27, 6,15,24
10,21,13,16,5,4, 27, 15,22,5,18, 27, 20,8,5,27
12,1,26,25, 27, 4,15,7

3,80,5,78, 27, 69,5, 27, 5,79,68, 27, 82,20,71,24
13,84,66,11,71,24, 27, 75,16,1,8,3,25,70,11,71,24,
65,25,73,15,11, 27, 67,1, 27, 2,81,74,5,72, 27, 77,1,83

52,40,37, 27, 49,53,41,35,43, 27, 34,50,47,55,46, 27, 38,47,56
42,53,45,48,37,36, 27, 47,54,37,50, 27, 52,40, 37
44,33,58,57, 27, 36,47,39

35,112,37,110, 27, 101,37, 27, 37,111,100, 27, 114,117,103,56
45,116,98,43,103,56, 27, 107,48,33,119,35,57,58,43,103,56
97,57,105,47,43, 27, 99,33, 27, 117,113,106,37,104, 27, 109,33,115
